1318 1 1 1 1
1 1 1 1 1
1 1 1 1 1
1 1 1 1 1
1 1 1 1 1
1 1775 1981 1199 1157
1092 1 1 1 1
1 1 1 1 1386
1 1 331 1 153
1 1 1 1 1
1 1 1 1 1
1 1 1054 1705 1
1 1 746 1 1
1 1 1 110 1
1164 1 1 1 1
1 1 1 1 1505
1 1 1 1 1
1 1 1 1 1
1 1 1 1 1
1 1 1 1 1
1 1 46 1 1
1 1 1 1 1
1 1 1 1 1
1 1 1 1 1
1 1 1 602 1
1810 1 113 618 1
1 1 1 1 1
1 1 1652 1 1
1 1 1 1 1
1 1 1 1 1
1 1 1 1 1
1 413 1 1 1
1 1 1 1 1
1 1 1 1 1
1062 1 1 1 1
1 263 1 547 1
1 1 1 920 1
1 1 730 1 1
1 1 114 1 1
1 1 1 1 1
1 1 1 1 1
1 1 1971 1528 1
1 1 1 1246 885
1 1 1 1 1
1843 1 748 1 1
1247 1 1 1 1
1 1 1 1 1
1 1 1 1 1
1 1 1 1 1
1 911 1 1980 965
324 1 1 1 1
1 1 1 1 1
1 1 1 1 1
1 1 1 1 1
1 1 1 1 1
1 1 1 1 1
1 1 1 1 1
1 1 1614 1 745
1 1 1 1 1
1 1 1 1 1
1 1 1 1 1
1 1 1 1 1
1 1 1 1 1
1 1 1 1 1
1 1 1 1 1
1 1 1 1 1
1 1 1 1 1039
1041 544 1608 1 1
1 1 1 1 1947
1 1 1 1 260
1 1 1 1 1
1 1 1063 1 1397
692 1 1 1 1
1 1 1 1 1
1597 1 1 1 1
1 709 1 1 1
1 1 1 1 1
1 1 1 1 1
1 1 1 1 262
1 1209 1 1 675
1321 1 2006 1 1
245 1 561 261 1
1774 1 1 848 1
1379 1 1 904 1659
1 1 142 1 1
1 1 1 1 1
624 1 1 1 1
1 1 1 1028 1548
1 1 1 1 1
1 1 1 1 1
1 1 1 1 1
1 1 1 1 1
1 1 1 1 1
1 1 1 1 1
1 1 1 1 1845
1 1 1 1 1452
1723 1 1 1 729
1 1956 1 1 1
1 1 1 1 1
1 1 1 1 1
1 1 1 1 1
1 1 1 1 1
1 1 1 1 1
1 1 1 1 1
1 1 1 1 1
1 1 1 1 1
1 1 1 1 1
1 1 1 1 1
1 1 1 1 1
1 1 1 1 1
1 1 1 1 1
1 1 1 1 1
1 1 1 1 1
1 1 1 1 1
1 1 1 1 1
1 1 1 1 1
1 1 1 1 1
1 1 1 1 1
1 1 1 1 1
1 1 1 1 1
1 1 1 1 1
1 1 1 1 1
1 1 1 1 1
1 1 1 1 1
1 1 1 1 1
1 1 1 1 1
1 1 1 1 1
1 1 1 1 1
1 1 1 1 1
1 1 1 1 1
1 1 1 1 1
1 1 1 1 1
1 1 1 1 1
1 1 1 1 1
1 1 1 1 1
1 1 1 1 1
1 1 1 1 1
1 1 1 1 1
1 1 1 1 1
1 1 1 1 1
1 1 1 1 1
1 1 1 1 1
1 1 1 1 1
1 521 1 1 1
1851 1253 1 1 1
1 1 1 1 1
1 1 1 1 1
1 1 1 1 1
1 1 1 1 1
1 1 1 1 1
1 1 1 1 1
1 1 1 1 1
1 1 1 777 1
1095 1 1 1 1
1 1 1 1 1
1 1 1 1 1
1 1 1 1 1
1 1 1 1 1
1 1 1 1 1
1 1 1 1 1
1 1 1 1 1
1 1 1 1 1
1 1 603 1 1
1 1 1 1450 1
282 1 1 1 1
1 1 1 1 1
1 1373 1923 1 1
1 1 1 1 1
1 1 1 1 1
1 1 1 1 1
1 1 2026 1 1
1 1 1 1 1
1 1 1 1 1
1 1 1 1 1
1 1 1 1 1
1912 1 1 1578 1
1 1 1699 1 1
1 1 1 1 1
1 1 1 1 1
1 1 1 1 1
1 1 304 1 1
1 1 1178 1 1
1 1 1 1 1
1 1152 1924 1958 1
1 1 179 1 1
1 1 1 1 1
1 644 1 1 1
1 1 1 1 1
1 1424 1897 930 961
439 470 1 1287 1
1 1 1 1 1
1 1 1 1 1
1 1 1 1 1
1 1 1 1 1
1 1 1 1 43
1 1 1 1 784
1405 342 1 1 1
1 1 1 1 1
1 1 1 1 1
1 1 1 1 1
1 1 1 1 1
1917 886 894 1 733
1 1 786 1 1
1 1 1 1 1558
1 1 1 1 1
1 1 1 1 1
1 1 486 1 1
1 1 1 1 1
1 1756 1 1 1
1 1 1 1 1
1 1 1 1 1
1 1 1 1 1
1 1 1 1 1
1 1613 1 1 1
1 1 1 1 1
1 1 1 1 1
1 1 1 1 1
1 1 1 1 1
1 1 1901 1 1
1 1 1 1 1
1 1 1 1 1
1 1 1 1 1
1 1 1 1 1
1 1 1 1 1
1 1 1 1 1
1 1 1 1 1
1 1223 1 1 1
1 1 1 1 1
1 1 1 1 1
1 1 1840 1 1
1 1 1 1 1
1 1 1 702 1
1 1 1 1 1
1 1 1 1 1811
1220 1 1 898 1118
1695 1 1 1 1
1 1 1 1 1
1 1 1 1 1
1 1 1 1 1
1 1 1 1 717
1 1 1 1 1
1 1 1 1 1
1 1 1 1 1
1 1 1 1 1
1 1 1 1 1
1 1 1 1 1
1 1 1 1 1
1 1 70 1278 351
1 1 1 1781 1
1 1 1 1 1
1 1 1 1 1
474 1509 1248 1 1
1 1 1 1 1
1 1 1 1 1
1 1 1 1 1
1 1 1 1 1
1 1 1 1 1
1 1 1 1 1
1 1 1 1181 34
1 1 1 1 1
1 1868 1 1 1
1 1 1 1 1
1 1 1 1 1
1 1 1 1 1
1 1 1 1 1
1 1 1 1 1
1 1 1 1 1
1 1 1 1 1
1 1 830 1 1
1 1 1 1 1
1 1 1 1 1
1 1 1 1 1
1881 1213 1 1 1
1 1 1 1 1
1 1 1 1 1
1 751 1 1 1
1 1 1 1 1
1 1 1 1 1
1 1 1 1 1
1 1 1 1 1
1 379 1 1 1
1 1 1 1 1
1 1 1 1 1
1922 1 1 1 1
1 1 1 1 743
1 1 1 1 1
1884 936 1 1 1
1 1 1 1 1
1 1 1 1 1
1 1 1 1 1
1 1 1 1 1
1464 1 1 1 1
1 1 1 1 175
1 1 1 1 1
1 1 1 1 1
1762 1 1 1 1
1 1 1 1 1
1 1 1 1 1
1 1 1 1 1
1 1 1 1 1
1 1 1 1 1
1 1 1 1 1
124 1 1 1 1
1 1 1 1 1
1 1 1 1 1
1 1 1 1562 1
1 1 1 1 1
1 1 1 1 1370
1 1 1 1 1
1 1 1 1962 1
1 1 1797 1 1
1 510 609 1 1
1 1 1 1 1
1 1 1 1 1
1 1 1 1 1
1 1 1 1 1
1 2 1 1 1
1 1 1 1 1
1 1 1 1 1
1 1 1 1 1
1 1 1 1 1
1 1 1 1 1
1 1 1 1 1
1 1 1 1 1
1 1 1 1076 1
1 1 1 1 1
1 1 1 1 1
1 1 1 1 1
1 1 1 1 1
1 1 1 1 1
1 1 1 1 1
1 1 1 1 1
1 1 1 1 1
1 1 1 1 1
1 1 1 1 1
1 1 1 1 1
1 1 1 1 1
1 1 1 1 1
1 1 1 1 1
1 1 1 1 1
1 1 1 1 1
1 1 1 1 1743
138 1790 1 1531 1
1 1 1 1 1
1 1 1 1 1
1 1 1 1 1354
1 1 1 1 1
1 1 1 1 1
1 1 1 1 1
1 1 1 1 1
1 1 1 1 1
1 1 1 1 1
1 1 1 1 1
1 1 1 1 1
1 1 1 1 1
1 1 1 1 1
1 1 1 1 1
1 1 1 1 1
1 1 1 1 1
1 1 1 1 1
1 1 1 1 539
1 1 1 1 1
1 1 1 1 1
1 1 1 1 1
1 1 1 1 1
1 1 1 1 1
1 1 1 1 1
1 1 1 1 1
1 1 1 1 1
1 1 1 1 1
1 1 1 1 1
1 1 1 1 1
1 1 1 1 1
1 1 1 1 1
1 1 1 1 1
1 1 1 1 1
1 1 1 1 1
1 1 1 1 1
1 1 1 1 1
1 1 1 1 1
1 1 1 1 1
1 1 1 1 1
1 1 1 1 1
1 1 1 1 1
1 1 1 1 1
1 1 1 1 1
1 1 1 1 1
1 1 1 1 1
1 1 1 1 1
1 1 1 1 1
1 1 1 1 1
1 1 1 1 1
1 1 1 1 1
1 1 1 1 1
1 1 1 1 1
1 1 1 1 1
1 1 1 1 1
1 1 1 1 3
1 1 1 1 1
1 1 1 1 1664
1 1337 1 1 1
1 1311 1 1 881
1 1 1 1 1
1 1 1 1 1
1 1 1 1916 1
1 564 1 1 1
1 1 1736 1 1
1 1 1 1 1
1 1 1 1 1
1 1 1 1 1
1 1 1 1 1
1 1 1 1 1
1 1 1 1 1
1 1 1 1 1
1 1 1 1 1
1 1 1 1 1
1 1 1 1 1
1 1 1 1 1
1 1 1 1 1
1 1 1 1 1
1 1 1 1 1
1 1 1 1 1
1 1 1 1 1
1 1 1 1 1
1 1 1 1 1
1 1 1 1 1
1 1 1 1 1
1 1 1 1 1
1 1 1 1 1
1 1 1 1 1
1 1 1 1 1
1 1 1 1 1
1 1 1 1 1
1 1 1 1 1
1 1 1 1 1
1 1 1 1 1032
1 1 1 1 1
1 1 1 1 1
1 1 1 1 1
1 1 1 1 1
1 1 1 1 1
1 1 1 1 1
1 1 1 1 1
1 1 1 1 1
497 1 1749 1 1
1 1 1 1 1
1 1 1 1 1
1 1 1 1 1
1 1131 1 1 1
1085 1 1 1 1
1 1 1 1 1
1 1 1 1 1
1 1 1 1 1
1 1 1 1 1
1 1 1 1 1
1 1 1 1 1
1 1 1 1 1
1 1 1 1036 1
1 97 1 241 1869
1 1 1 1 1
1 1 1 1 1
1 1 1 1 772
1 1 1 1 1666
1 1 1 1 1
1 1 1 1 1
1 1 1 161 1
1 1 1 1 1
1 1 1 1 1
1 1 1 1 1
1 1 1 1 1
1064 1 1 1 1
1 1 1 277 1
1 1 1 1 1
1 1351 1 1 1
1398 1 1 1 695
1 1 1 1 1
1 1 1 1 1
1 1 1 1 1
1 1 1 1 1
1 1 1 1 1
1 1 1 1 1
1480 1 1 1 1
1 1 1273 1 788
1 1 1 1 1
1 1 1 440 1
1 1 1 1 1
1 1 1 1 1
1 1 1 1 1
1 1 1 1 1
1143 1 1 1 1
1 1 1 1 1
1 1 1 1 1
1 1 1 1 1
1 1 1 1 1
1 1 1 1 1
1 1 1 1 1
1 1 1 1 1
1 1 1 1 1
1 1 1 1 1
1 1 1 1 1
1 1 1 1 1
1 1 1 1 1
1 1 1 1 1
1 1 1 1 1
1 1 1 1 1
1 1 1 731 1
1 1 1 1 1
1 1 1 1 1
1 1 1 1 1
1 1 1 1 1
1 1 1 1 1
1 1 1 1 670
1 1 1 1 1
1 1 1 1 1
1 1 1 1 1
1 1 1 1 1
1 1 1 1 1
1 1 1 1 1
1 1 1 1 1
1 1 1 1 1
1 1 1 1 1
1 1 1 1 1
1 1 1 1 1
1 1 1 1 1
1 1 1 1 1
1 1 1747 352 1
1 1 1 1 1
1590 1617 1 1 1
1 1 1 1 1
1 1 1 1 1
1 1 1 1 1
1 1 1 1 1
1 1 1 1 1
1 1 1 1 1
1 1 1 1 1
1 1 1 1 1
1 1 1 1 1
1 1 1 1 1
1 1 1 1 1
1 1 1 1 1
1 1 1 1 1
1 1 1 1 1
1 1 1 1 1
1 1 1 1 1
1 1 1 1 1
1 1 1 1 1
1 1 1 1 1
1 1 1 1 1
1 508 1 1 1
1 938 1 1 1
1 1 1 1 1
1 1 1 1 1
1 1 1 1 1
1 1 1 1 1
1 1 1 1 1
1 1 1 1 1
1 1 1 1 1
1 1 1 1 1
1 1 1 1 1
1 1 1 1 1
1 1 1 1 1
1 1 1 1 1
1 1 1 1 781
1 1 1 1 1
1 1 1 1 1
1 1 1 1 1
1 1 1 1 1
1 1 1 1 1
1 1 1 1 1
1 1 1 1 1
1 1 1 1 1
1 1 1 1 1
1 1 1 1 1
1 1 1 1 1
1 1 1 1 1
1 1 1 1 1
1 1 1 1 617
1 1 1 1 1
1 1 1 1 1
1 1 1 559 1
1 1 1293 1 1
1 1 1 1 1
1 1 1 1 1
1 1 1 1 1
1 1 1 1 1
1 1 1 1 1
1 1 1 1 1
1 1 1 1 1
1 1 1 1 1
1 1 1 1 1
1 1 1 1 1
1 1 1 1 1
1 1 1 1 1
1 1 1 1 1320
1 1 1 1 1
1 1 1 1 1
1052 1872 2021 1 1
1 1 1002 1 1
1 1 1 1 1
1 1 1 1 1
1 1 1 1 1
1 1 1 1 1
1 1 1 1 1
1 1 1 1 1
1 1 1 1 1
1 1 1 1 1
1 1 1 1 1
1 1 1 1 1
1 1 1 1 1
1 1 1 1 1
1 1 1 1 1
1 1 1 1 1
1 1 1 1 1
1 1 1 1 1
1 1 1 1 1
1 1 1 1 1
1 1 1 1 1
1 1 1 1 1
1 1 1 1 1
1 1 1 1 1019
1 1 1 23 1
1473 1 1 1 1
1 1 1 1 1
1 1 1 1 1
1 1 1 1 1
1 1 1 1 1
1 1 1 1 1
1 1 1 1 1
1 1 1 1 1
1 1 1 1 1
1 1 1 1 1
1 1 1 1 1
1 1 1 1 1
1 1 1 1 1
1 1 1 1 1
1 1 1 1 1
1 1 1 1 1
1 1 1 1 1
1 1 1 1 1
1 1 1 1 1
1 1 1 1 1
1 1 1 1 1
1 1 1 1 1
1 1 1 1 1
1 1 1 1 1
1 1 1 1 1
1 1 1 1 1838
1 1 1 1 1
1 1 1 1 1
1 1 1 1 1
1 1 1 1 1
1 1 1 1 1
1 1 1 1 1
1 1 1 1 1
1 1 1 1 1
1 1 1 1 1
1 1 1 1 1
1 1 1 1 1
1 58 1 1 1
1 1 1 1 1
1 1 1 1 1
1 1 1 1 1
1 1 1 1 1
1 1 1 1 1
1 1 1 1 1
1 1 1 1 1
1 1 1 1 1
1 1 1 1 1
1 1 1 1 1
1 1 697 246 1571
1 1 1 1 1
1 1 525 1 1
1 1 1 1 1
1 1 1 1 1
1 1 1 1 1
1 1 1 1 1
1 1 1 1 1
1 323 1 1 1
1 1 1 1 1
1 1 1 1 1
1 1 1 1 1
1 1 1 1 1
1 1 1 1 1
1 1 1 1 1
1 1 1 1 1
1 1 1 1 1
1 1 1 1 1
1 1 1 1 1
1 1 1 1 1
1 1 1 1 1
1 1 1 1 1
1261 1 1 1914 1
446 1 1 1 1
1 1 1 1 1
1 1 1 1 1
1 1 1447 1 1
980 1 1 1 1
1 1 1 1 1
1 1 1 1 1
1 1 1 1 1
1 1 1 1 1
1 1 1 1 1
1 1 1 1 1
1 1 1 1 1
1 1 1 1 1
1 1 1 1 1
1 1 1 1 1
1 1 1 1 1
1 1 1 1 1
1 1 1 1 1
1 1 1 1 231
592 1618 1 1 1
1 1 1 319 1
1 1 1 1 1
1 1 1 1 1
1 1 1 1 1
1 1 1 1 1108
1 1 1 1 1
1 1 1 1 1
1 1 1 1 1431
1 1 1 1 1
1 1 1 1 1
1 1 1 1 1
1 1 339 1168 1
843 1 1 1 1
1498 1 1 1 1
1 1 1 1 1
1 1 1 1 1
1 1 1 509 567
614 1974 1 1 1
1 1 1 1 1
1 1 1 1 1
1 1 1 1 1
1 1 1 1 1
1 1 1 1 1
1 1 1 1 1
1 1 1 1 1
1 1 1 1 1
1 1 1 1 1
1 1 1 1 1
1 1 1 1 1
1 1 1 1 1
1 1 1 1 1
1 1275 1 1 1
1 1 1 1 1
1 1 1 1 1
1 1 1 1 1
1 1256 1 1 1
1 1 1 1926 1677
1060 963 1928 1925 1927
951 1639 435 1497 1620
1117 335 1931 995 1449
1935 1525 954 1381 1292
1182 608 720 835 456
1 700 1158 1031 1106
1105 1107 226 1 1
970 597 1676 1518 1214
1832 1580 1953 1284 1773
1791 1856 2035 22 1900
1748 1621 389 1592 1847
1929 1776 1690 1737 488
1698 121 1255 2033 1933
2030 2032 1184 327 2031
1231 873 1346 144 372
417 1463 1968 1750 210
817 2010 872 1097 637
639 638 1111 1692 2034
530 1016 899 1282 192
1831 467 252 250 900
134 233 232 75 1021
1025 1022 1020 1023 1024
1006 1197 824 2005 2014
890 1254 1142 1121 459
391 971 336 454 1
1 1891 1510 1766 1400
1296 1012 1961 1268 1345
1345 1177 999 1332 1503
782 918 758 1226 430
1867 227 1043 650 1
1850 493 771 1160 464
1890 242 1347 693 1753
1 1114 1115 529 1623
1430 962 1414 383 1991
536 1098 452 460 627
623 775 451 677 1369
713 1236 1788 909 912
2028 956 1123 1411 1377
844 735 1202 1596 1795
1378 568 1 1 1561
1 1911 742 1249 1859
721 437 447 1728 1767
289 774 1730 755 325
1170 1802 908 799 1552
1435 38 1934 191 1957
148 9 2004 1468 1048
253 1575 1408 1918 680
689 684 681 682 685
648 863 801 1065 133
1710 1967 1329 1631 1546
1547 12 839 1761 1407
160 127 1 1682 1634
1 1501 1 1854 106
1816 111 1277 1141 688
1409 381 1130 194 884
72 1 832 368 1763
369 1234 1288 1237 1269
537 1 1 1 141
976 480 526 1 705
1093 1930 1327 1495 850
1494 424 187 1162 45
1211 1794 1267 463 407
1299 1579 26 1035 1720
1820 504 1183 1689 1310
1 165 776 1129 1567
1940 1417 116 1086 209
833 1166 759 947 1477
732 487 184 1 1
1426 957 1 792 664
316 1993 1574 1817 1
764 631 2016 80 1194
652 216 1939 905 667
1941 1264 1313 1828 152
1478 1830 1138 42 400
39 48 392 861 871
1972 1496 258 348 394
15 159 321 949 147
476 1251 1406 329 425
1532 1681 68 56 1654
101 490 489 59 1989
1825 222 1011 1619 1602
1 1 409 95 479
239 1265 151 237 1324
1429 604 240 1978 1764
1135 1622 846 1541 466
281 298 678 1644 870
895 66 1008 860 679
1110 1038 1624 931 942
1625 1192 1419 1512 1
388 549 694 157 257
612 1686 403 31 896
291 933 1870 940 503
1420 1169 1037 1301 1913
857 60 1569 934 347
1609 606 1715 1200 429
426 834 434 579 1493
874 1139 666 1 1943
1 1 1 5 1
86 374 1 852 851
853 1662 112 1137 1
1 1 1 1 1
1 703 1949 1 167
800 552 1 314 1
1 1029 665 545 1857
808 811 813 807 810
812 809 814 815 186
621 660 1274 1 1
673 1 1 441 461
100 105 317 378 156
462 1 1384 1 1399
491 915 1 1 1
1 1374 1 1 979
1 1 164 588 338
1 1221 1 789 728
964 230 1148 1074 1
1 1 1 939 1479
1 856 1 1465 1
829 1 1 1 1
1 1 1 1 640
1172 2013 1336 1513 2000
88 1061 1594 1837 878
199 1858 1053 840 1216
1027 1058 221 382 1
244 264 37 172 376
1145 515 1 1629 1902
1198 968 1 754 1
1 1 108 969 1100
1103 1101 1 1 1102
1 1 1 1 858
1 1 1560 1502 1474
1 1950 1 1358 458
1906 804 825 78 1
1 919 1 690 505
1 1 1 805 796
797 891 1607 1903 897
1 340 269 334 696
1 1995 753 1672 1309
727 1642 1304 1260 418
390 284 1539 355 406
303 691 1996 444 1656
1 1520 1999 1998 1570
1633 1091 333 276 1669
1 267 118 457 162
69 883 1239 1344 1343
1342 188 128 847 51
1 1 168 519 450
1 902 990 2022 1635
1 1338 1 1841 802
99 1524 1014 1697 581
726 524 658 442 1360
1844 453 1 1 1
1600 1519 1745 1819 1
1534 996 1535 1 818
502 415 1588 790 44
402 201 343 1 1
1875 1866 1806 1855 243
1742 1577 716 1861 1860
1888 806 1593 1 1
1 1 828 1919 207
363 1316 1049 1045 672
4 218 1294 1046 1395
836 427 220 654 669
1050 1010 219 1051 554
516 1876 914 1 1599
619 1751 1279 1879 293
1291 661 903 33 155
770 1 1 1225 125
137 420 1722 2029 393
1848 57 787 1368 25
1741 176 17 24 370
1896 1782 1215 985 1445
1444 1446 574 1439 1438
1443 566 512 1442 626
1982 1437 1760 1645 534
1839 517 1440 1441 1864
906 1289 18 1746 272
177 901 1245 399 349
330 622 1798 1893 1754
1636 292 1883 595 1392
1147 880 1404 1180 1
1 1 353 1530 987
1683 984 986 122 401
1034 1708 32 40 575
1 795 798 11 1992
838 35 1712 1511 1300
61 916 955 1009 1725
1 1601 821 1286 1125
1757 780 1 251 1262
981 248 1693 1 1793
145 1 1792 249 1885
1 556 1 1 1
1 1 1549 698 1674
1516 589 594 507 712
711 528 1910 1 1071
1 320 823 274 361
360 1936 358 477 387
563 364 663 1523 169
1585 1206 1153 1 1
841 657 1176 1543 1733
473 1833 569 1709 1471
472 71 73 41 386
404 1559 1190 1785 1331
1779 1055 1307 699 535
236 384 62 414 2003
1104 1 1204 471 1094
762 1568 1572 103 377
1651 1894 740 1371 295
1680 738 396 887 910
739 937 308 710 307
436 301 668 93 1210
1507 1 182 1526 1637
1538 81 862 229 322
820 1932 265 29 150
1075 356 585 204 888
1167 1382 641 235 1
1 2023 924 1691 1128
1119 1099 1069 1412 1476
2024 2011 737 831 1017
318 16 615 630 1355
1418 917 326 1150 1319
1082 173 1385 354 1627
707 1013 1352 1611 1350
1 1954 255 397 259
876 1235 1650 1626 736
1340 714 1362 708 1
1 1367 1 1 1
1 1 448 1 1380
1 1638 1 1425 278
676 28 1907 687 1727
1 1 1 1 1
1077 350 1849 1326 1422
428 286 1780 718 845
1533 1726 928 1551 1057
1772 1415 1522 1704 1826
1744 1738 1 1 1
492 1 635 1550 854
1688 1161 636 514 1
1453 538 96 585 598
553 959 551 550 1000
1 238 1 1 1305
1829 1393 1491 1335 816
1189 819 662 1472 1413
1500 1987 859 761 1
271 1657 1 533 1159
645 977 1514 747 570
203 1970 864 416 866
1 1 1 1 1257
1 1 1 1 1
77 2027 1 1384 143
1469 768 1 359 1241
1527 988 1155 1553 686
1589 822 1 966 1403
1 1678 36 1 1540
601 634 1341 633 1427
1701 1 997 1388 1387
1937 724 527 596 1647
1334 1955 1805 1 803
1066 1771 213 982 1605
1359 656 1573 64 562
54 972 1357 1724 200
1983 1185 315 1646 341
1201 1506 79 1 1
1 1454 1 1984 1298
215 205 366 1 1
1 1 1 1460 1323
1080 1700 1120 1827 1375
1133 1136 1475 1401 1283
158 1149 647 1047 1
1 1 1 1 1
1096 558 927 953 1
1865 63 1 1 1
1303 1557 1556 1603 892
1083 1948 967 2019 1966
1 1862 932 485 719
1778 299 197 109 1734
115 1 1 1 723
1489 1566 483 484 1994
1671 309 1 655 310
1353 1113 1112 431 1529
1663 1986 1 1 744
1467 1886 1455 1396 1483
1272 1175 1140 1364 1786
1944 1 410 189 1777
1877 1740 1312 1729 1632
1836 1436 1576 1 1383
1 1 1604 1 1908
273 944 1 1 1
1171 1977 1 1 1
1641 1 1 1 1
1 1 1 1 1696
1238 1874 1230 555 1606
1173 1921 893 1089 1
1015 1711 433 1030 1
1070 1 1 1421 1892
395 1 1938 1033 1
1853 925 1965 1088 178
1752 1302 1285 794 1812
923 445 926 1852 1973
1969 632 945 983 1555
1732 1871 943 1 501
1067 405 190 211 345
1087 578 375 1486 1432
1433 1233 1297 1765 1702
1521 496 877 1212 1809
1976 1363 1818 1229 1308
76 1873 1109 653 126
135 2008 1 522 214
1218 889 87 139 1270
256 1365 313 1946 765
1 715 1615 978 773
543 542 1660 882 1276
1565 1 1 21 1
611 1116 1466 500 998
1484 921 1612 1 469
432 268 587 290 89
1 1259 1895 1813 1801
946 1814 1356 1808 107
827 1 620 1122 1306
280 1716 1581 1769 913
1 1 1 1 1
752 948 1126 1758 371
288 565 1132 1960 1959
198 1759 1124 1134 1789
1803 1325 1081 443 584
1 1 1 760 1451
1694 651 1222 571 950
1228 1290 1232 1205 1227
1280 300 1330 1007 1
1018 1 481 294 922
992 91 1154 1 1
1 1 960 1 166
1 1 1 1 1
1 1 1 1 1
1 1 1 494 1731
2025 2007 181 1187 1630
1653 1684 1266 53 1985
1536 778 1 1 1
1882 1 1 722 1582
1584 1583 1059 991 1366
1 1 1 1461 1719
591 741 212 132 1887
296 196 1889 30 2012
600 849 1975 583 398
1156 993 1191 523 1428
1315 1317 572 1263 749
1595 1997 1 1 1
1687 1945 1739 1281 1
1 1026 1 1 1
1988 1487 1787 270 1193
117 380 92 228 13
136 2001 1823 1822 590
2002 1537 929 412 1376
1499 642 1348 869 785
498 1423 643 868 468
193 1188 1661 1796 302
438 1564 423 171 616
82 373 1952 1899 1504
1799 1339 1 1909 1402
1490 449 1 1179 1151
506 1517 482 1372 1
47 1990 1655 1 1
1207 1963 1 180 1391
1 1 1 1563 1456
989 599 1208 1044 1322
208 2009 826 1800 1768
1224 1040 1735 130 1713
1 1 1084 1658 1196
605 1673 1667 1544 1508
1 1 1 1 1
1 1 1 1349 1
1252 704 1 1 206
518 1 154 607 1457
1979 1 1195 557 1
582 511 174 123 580
185 1554 1394 285 671
1878 1 1001 1649 2018
2017 2020 65 952 344
140 254 1 1056 195
842 1755 958 1545 1
346 1 1 1 1482
1824 1665 1 546 19
1904 85 84 217 202
83 455 1242 1 1
1679 1964 1706 1587 625
725 1915 1 1 1217
1 1174 1951 560 540
1258 1068 67 1271 1390
610 1416 1219 766 27
74 1846 756 102 1703
1835 1685 408 1 1
1 1834 421 183 701
1610 1 1821 879 520
1 499 1675 305 1
337 362 247 1003 1078
1863 855 513 1 1815
283 104 935 1328 1073
2015 8 1144 7 422
1244 1 1434 1458 1186
1718 706 98 1707 1721
1127 1807 1643 576 1
306 1 613 495 1784
1146 1616 1079 297 783
541 1203 1005 1628 1598
1 994 1488 941 593
131 791 1770 1485 1586
1492 1648 1410 1072 224
757 1389 674 973 1481
1920 234 793 357 646
1 1842 548 146 573
1163 1714 14 475 163
1462 875 629 129 974
586 1042 837 1314 120
1250 750 1333 1 6
94 1 1 1591 225
119 1 907 365 365
365 1 1459 865 1542
683 659 465 367 1
385 170 1243 867 1165
1 1670 769 419 649
1240 1905 50 411 478
531 532 279 779 1295
767 628 577 1 1
1 1 10 1 1
1 311 312 1783 1
1880 287 1090 275 266
332 1668 223 328 763
975 1804 149 734 1361
90 1 1 1 1
1 1004 1 1640 49
1448 52 1942 20 55
1470 1717 1515 1898 1
1
