2128 1895 4879 2707 585
4938 4940 3054 1556 1070
2121 2440 4493 2307 3037
4674 4882 3143 1705 1182
535 536 537 538 539
4916 1743 3076 3270 1211
2774 1119 2416 696 1658
4951 4918 934 14 3603
2527 500 2776 1660 912
3494 967 5034 796 5033
3860 2570 3705 1075 1542
4051 3067 1745 479 3038
2488 3054 2387 1631 767
4654 4052 561 1794 1988
3033 1845 4151 4780 3406
3405 3403 3404 3407 4824
2978 2883 1863 2409 3275
2919 1786 483 1556 1975
4297 4066 1612 4869 3908
844 2358 468 1539 2320
4916 3548 3768 2717 4779
3377 970 1981 4965 152
2615 2558 3040 4547 2554
2555 1524 4625 3094 2293
4626 3249 1591 905 1497
1759 4639 1236 1082 2705
3862 3246 3112 708 3029
235 47 3077 2689 4391
2002 3321 4093 1233 2362
5005 4283 735 4648 3000
1698 3214 1125 2119 4952
4119 507 2483 5037 4973
4134 4506 4352 1425 804
3017 3473 3088 20 3335
3907 1204 1757 1142 2550
1237 2706 1212 444 1661
718 1357 3109 1584 1022
1023 1021 1020 1605 446
4458 2819 2954 4735 3752
1577 761 3156 4861 4915
4677 1987 1088 1917 4006
3962 3482 85 4418 1863
1287 4335 636 2718 1282
1908 1863 4385 1801 228
3352 676 4111 679 4384
2925 2620 3541 2335 2249
1363 1191 3538 4229 2392
4077 3918 1240 4223 1851
3429 2979 1494 1496 1495
1593 2248 3494 2957 2960
2959 1473 3054 220 2988
2744 2379 973 201 2281
3191 3313 3427 3909 2800
1958 2612 3054 215 715
3375 793 983 1588 1541
2335 1045 4080 2158 2478
3110 2355 2492 2320 698
4004 1219 5022 3434 4777
3494 1548 3321 2531 1553
3318 1801 4603 5039 3467
2386 2040 3660 3376 2320
1891 773 3321 3660 2040
585 1358 4463 3472 2418
3451 1993 790 3035 2321
464 453 4333 3321 491
2042 3434 2451 1986 1983
1985 3124 330 2033 2618
1470 756 887 770 4986
680 582 3519 4888 753
3460 215 678 4630 283
744 1863 3079 1427 4764
1858 1855 3360 1271 3771
2807 46 2552 3863 3130
3598 4616 1406 3153 4707
4791 2797 3134 2307 1500
1493 1320 4194 3054 4419
4792 1748 3145 1865 1025
1024 1026 875 3608 3609
4569 1528 3755 4982 380
3871 395 3152 335 336
2980 2070 97 2320 540
2366 1279 3271 2583 822
2234 3247 2991 2087 4798
30 2901 3172 2075 1720
4657 1557 2333 2320 2680
2118 3818 4056 2880 2584
714 2559 2052 3434 4683
2471 2301 216 2557 116
3027 4623 4675 3346 364
1984 1982 2911 3133 3456
588 2320 3208 1800 3494
2764 2992 4708 3997 3232
180 2408 534 3654 768
4948 419 2020 1991 823
153 155 2457 1076 3560
3174 1197 4737 4811 2766
4259 499 4975 1335 3772
1923 4835 1639 1181 4566
117 189 1208 2508 2509
4478 3430 2990 1476 4816
5047 3429 4202 4803 4004
3429 3262 4007 696 3795
4202 3429 1173 4047 2472
3429 2533 1450 1627 1449
4817 784 783 204 3417
2763 2887 1068 504 501
3333 1213 1255 1630 1889
1890 2594 2073 206 2265
2600 3259 2267 3089 4825
2157 2266 2453 1752 2967
4333 4817 4202 2968 4290
2750 4820 1438 2052 4202
4100 4701 4709 1951 1438
2052 694 1452 4770 2043
1477 208 1479 2532 2132
2263 2040 4202 2472 3917
1256 2031 2531 2044 3980
2046 4203 1476 2072 4817
2539 2828 3854 1423 991
3693 4281 2270 736 4219
2638 3217 821 1112 2559
3714 1404 1581 3032 3321
4746 3434 697 1187 697
4193 3321 3321 433 4592
2736 3714 4664 356 1312
5006 1374 4642 2156 2335
1753 3714 3715 3321 3531
2320 3054 1187 700 2040
2383 1529 2505 1217 3374
2781 1999 3113 2427 972
12 1915 2199 1223 716
25 2881 4908 1491 1243
2560 3536 4586 2428 1647
3492 3205 2995 2382 3864
1110 1652 4122 4640 1621
646 1115 308 3557 4154
3194 3972 4491 4875 4778
163 1681 333 508 1517
2678 5028 3395 4509 229
342 321 2320 3054 2491
3321 4811 2307 2296 2320
3036 718 4808 3854 3434
2972 2361 2283 4845 1799
3494 4470 2320 1945 2271
2327 2335 3509 4272 1549
826 1801 2043 2635 1799
1751 3494 3031 216 2042
2744 4050 2147 4110 3669
2969 1715 2103 4109 4999
1455 1275 395 2299 4220
2361 2320 3494 1638 4444
2040 467 3508 4524 697
2632 4924 2939 3251 4898
3245 684 4857 4152 1376
2537 4537 225 2040 1210
764 3048 4659 1603 1729
1399 3008 3754 2335 181
2721 989 666 3575 3650
1620 186 4724 147 1391
2466 1190 2616 2891 3224
4811 4703 4425 1659 249
2704 2292 1341 3123 1714
4797 3494 2241 3032 1042
4607 840 3137 4699 1345
4318 3966 1662 3687 696
4368 3429 2043 4978 4125
749 3192 5004 2045 4936
3489 4137 3827 2417 2614
845 3964 3559 2312 4287
1405 881 4557 190 2026
3273 4606 3773 3954 1537
2390 4985 2933 2974 4333
3494 3089 4558 1322 4292
202 2120 87 128 3792
2464 4705 251 248 250
4477 1292 2479 67 4224
4628 334 696 3052 320
902 3321 1270 4645 703
3003 5003 841 3391 17
369 1510 2040 1232 4692
4977 1048 2930 2325 4742
5024 3213 3197 4456 4903
302 401 2047 2977 4967
2898 523 4559 4349 3216
130 4733 4200 1190 1863
227 3599 2335 926 491
3496 3043 3760 2796 4333
3443 3434 1358 1428 663
3660 4002 3010 917 2762
802 2534 4387 724 4641
39 570 2277 4796 4462
4218 3305 3286 2569 1914
3054 461 2335 2516 1444
3724 3672 2332 3425 4043
2056 895 263 264 3806
1623 3814 3412 2057 1826
1185 915 3321 4390 2361
2191 2319 2559 4184 2359
95 1607 1468 1718 638
3195 4684 2638 1940 4923
4014 3321 2638 3827 2359
2368 3423 2364 2675 267
2638 781 1297 1460 3632
3853 2770 261 2461 4484
1693 4192 3434 2610 4333
718 2687 2790 3080 4337
2854 964 4837 1863 3155
4797 3815 4922 4302 2437
428 4212 1782 762 896
1284 1932 6 4949 519
4987 1513 4247 1606 2635
1069 3494 3321 3032 2166
1187 2896 4189 1073 2513
843 1907 397 1306 2307
1016 4795 693 2700 2335
3830 2888 1465 3559 2889
1289 3458 1331 3837 638
2703 215 2438 2878 3277
4817 2470 235 4123 4794
4851 3445 4884 4540 4160
2358 858 2219 4106 3328
1694 2089 4095 2335 4535
2284 3219 1518 3320 658
4421 3054 69 2367 2451
4121 2380 2787 566 3977
4459 4609 3368 568 3366
3209 4263 4899 2713 3718
3321 3054 3032 4101 877
2171 3434 4544 325 2713
49 2920 543 4377 4360
656 3515 1459 2335 611
1613 293 3434 1309 2714
3591 3780 1242 4406 4947
3131 4887 4306 2661 628
2792 4136 4622 2183 4832
801 2099 2516 2320 4652
554 2511 1868 2447 1928
217 1168 4124 2634 2156
2356 2744 2754 1939 3882
27 477 1218 1922 1379
1434 2593 4532 4561 3494
314 4365 3103 4447 2744
1447 1808 3535 2200 1827
459 4274 2013 3354 209
2244 3186 1140 2970 4732
1648 3031 216 3321 2040
2320 3321 215 4333 3434
4843 1642 1334 2384 3478
4695 2823 1695 1170 3154
1323 3097 2873 1870 3220
215 1723 2617 2310 2643
3588 4136 4321 4942 3054
3321 216 4983 906 1083
3135 2151 3532 1295 2361
4579 4412 3341 4440 918
4115 733 3706 812 5043
1710 1192 826 2320 3321
3660 455 3317 4250 1373
3713 219 1526 4217 4211
627 3831 4719 4620 617
2890 3956 4146 3312 3093
2054 4105 4644 343 3963
2859 1521 4543 4761 891
1253 574 3670 4869 1943
847 2358 4870 2996 2052
4220 3784 135 146 137
3569 1247 1092 1835 3024
3953 4962 2307 3203 785
4813 3571 1780 1214 2351
3791 3287 2528 3870 3499
4490 2756 2320 1469 525
3169 1321 747 664 426
1009 798 710 1548 4296
2210 2136 3904 1864 2307
78 3011 470 505 3495
365 3797 177 730 1074
3212 3824 3555 3866 4001
4928 4563 1859 3583 3506
4627 2793 3505 3507 2942
3725 3089 4616 839 3731
633 1374 326 1934 1854
3321 3554 3559 4666 3805
3089 3089 4673 1483 2405
4215 3903 2233 1627 2668
4904 1744 1073 4621 2222
3015 3747 4605 2707 4546
3932 1060 1325 81 2857
3100 4067 4190 4010 1576
1404 1254 1187 3494 216
4388 1354 3444 1531 3071
3494 3434 2040 4073 996
1017 569 4286 8 966
202 221 1251 235 1385
4575 86 698 2359 4014
3196 206 4854 298 3237
1408 965 2679 3683 3321
607 2185 3494 3041 3206
2067 1569 590 2320 2733
564 32 2307 3321 4014
3865 3490 3659 1892 1133
2468 1121 1703 2744 316
317 2603 1898 2084 718
4185 2720 2757 2526 3255
1579 1320 1576 4704 4706
1355 3254 4004 4954 939
2829 448 5011 4492 1089
179 3054 1770 2630 219
3572 2856 2425 1735 3523
1143 3854 2295 4345 4344
442 3091 4511 2769 1235
177 1979 3605 3211 445
532 513 4618 2902 3158
491 1766 3561 2814 4809
2462 4810 253 3022 2723
2746 3494 2123 3126 3970
3218 2122 4171 1857 4702
4751 90 1547 2415 3200
995 2056 3528 3430 3986
1084 4409 4807 623 4265
3707 3434 670 108 1783
5042 3485 993 2559 1096
202 2454 2758 3321 3726
1793 1548 4929 4860 4300
1189 4436 2559 771 1389
1388 1220 366 3321 3256
2559 3537 3651 3429 2456
2458 2765 2724 204 1578
4258 2530 3430 2451 1712
3429 2451 2451 2539 2828
3429 2061 202 202 206
202 4801 2452 1475 306
3430 2820 2470 3539 4808
1438 2470 1476 4817 2561
379 782 377 720 2034
4808 378 3429 3656 3655
4682 2561 5045 1832 4826
480 1492 2061 4685 2052
4800 2052 3254 2725 4248
3429 1438 4008 4634 2801
1438 1478 4663 2964 2149
937 423 4930 2744 2753
4441 4276 3321 2836 2036
4917 598 3324 1314 4921
696 4014 2169 3032 1554
199 1501 4948 1243 3257
1268 3429 442 2632 3416
2036 594 1883 3178 4269
797 577 1980 3494 2009
3054 1548 2597 653 1778
1897 3310 3170 2677 810
200 4529 1795 3054 1930
35 4256 738 1740 3028
2316 3700 1996 1169 707
2071 4415 1047 4968 1243
1961 4014 4944 481 2307
2060 216 2171 2240 3409
1830 1548 491 276 362
3494 3321 215 1760 5008
2434 3144 2335 267 614
4710 4871 1072 502 745
506 2915 2474 3285 13
1236 3683 1269 2335 4333
1446 3659 3546 4843 3201
621 2986 3151 4320 4379
1201 4731 2578 2083 4698
1467 1935 3434 98 2589
4932 4925 2400 1933 1936
3525 1474 1816 4817 80
4267 3452 3392 882 1975
581 955 919 2190 1804
803 213 5010 625 3069
1997 1781 3306 3013 1610
3434 3527 4277 2320 4004
3457 4179 2943 4333 324
4843 824 2984 3089 3018
1441 4333 1274 4808 3434
3999 2633 4817 2335 3494
1179 932 2944 2937 2941
2040 3326 411 3089 503
3854 3812 3087 2035 4802
3162 4953 2309 2406 4858
3108 952 834 2171 1821
3852 2049 4346 3859 4298
551 1545 2389 3020 3337
3600 1815 1426 805 3089
3551 4745 3016 3319 4249
1798 3601 1129 4822 4396
3248 4700 2436 2752 1792
4948 2646 2822 1625 4598
2062 2320 1581 434 3701
4560 4963 1070 2529 1822
304 1705 3141 3283 1532
3322 1906 4623 2755 269
4721 4720 2942 1779 2591
3521 2805 2001 1015 1128
1250 4514 2719 1029 894
4159 1299 772 3321 1811
4108 1894 1799 931 21
928 3666 831 2058 4320
3096 3054 3032 235 2658
621 4214 718 3264 3580
3332 2424 4279 132 901
1402 2590 1504 1332 521
2404 3402 2403 4842 4280
4560 3767 4012 608 2080
2307 1380 52 2307 4919
1466 3610 3606 634 3566
2268 195 2778 3032 4638
907 1701 4914 1699 4638
3032 907 1701 4914 1699
4521 3165 1054 3804 2290
2490 1502 422 5027 4257
3659 1972 3147 522 3225
313 2559 4305 3299 462
3583 2635 3032 2360 1294
4916 4375 904 3453 4843
3031 2680 4246 284 256
1339 2850 9 4577 4942
4414 2003 4616 276 4004
4370 1283 2451 3683 2040
4785 1727 1149 4920 4333
3646 2783 2702 3820 732
1462 3971 2372 696 702
3540 50 4333 1626 210
859 4729 177 451 3054
3321 219 4844 3759 3719
3119 2876 3662 4600 3989
3981 3983 3992 3987 3991
3994 3990 3984 3993 4942
3627 4358 2300 3761 2855
2566 3658 4149 2315 4333
3659 1581 2596 4845 2010
4873 3829 75 688 1655
2432 3321 3434 4594 409
3647 2317 2562 1696 2516
4773 3683 1238 2134 3611
3139 1937 441 1073 1317
1098 4867 2040 2629 3138
1051 3054 4181 2477 2274
3494 2289 1650 1747 4797
88 4844 31 1296 234
623 1410 1674 2611 4062
1011 3321 465 1280 1073
1161 2153 3120 529 396
476 1184 2133 3149 2335
1471 941 4843 2451 4282
3820 437 4411 572 573
2282 3494 2407 3494 4446
2728 3185 2789 2250 4243
4014 2527 4988 2737 4142
3089 2086 4141 235 3471
697 300 1977 1978 3166
4762 699 1122 1439 466
232 3345 1175 1174 4324
329 238 1065 1558 1488
1918 1167 3089 2450 2335
1451 202 1976 4457 2308
71 3146 3173 592 3177
4103 2285 2433 1861 436
4136 2320 2280 2335 597
4817 1533 465 2744 299
486 3258 465 1548 2320
382 4003 2985 3497 4063
106 495 194 4950 1231
4806 3188 184 1853 1036
3301 2780 1705 1916 2581
2582 2111 2115 1131 4874
1144 3167 3111 3176 2306
1291 1248 318 1866 2886
4005 5030 2077 2904 1536
4629 1790 1508 4069 1259
469 4588 1820 748 1910
3833 2624 2252 2559 4602
4012 4876 3552 4480 442
3686 1419 1073 4927 3823
4565 1535 178 674 3253
1486 1183 3635 4424 3290
3289 3902 4351 2352 4980
2463 2037 1447 3434 1576
2055 2605 4714 1147 1523
4350 599 3132 1049 1807
512 2335 261 1067 1337
2940 729 2101 1277 3476
1581 2448 3380 3827 2322
4990 3307 1611 1599 2130
2320 3193 1111 1318 1216
2024 1101 2377 1338 612
2180 2393 4373 1962 2924
1215 1929 3320 2040 776
526 4333 1134 2651 340
3682 4270 3415 3494 258
3661 4271 1581 3514 4852
1666 1520 4691 216 1261
1045 4937 3465 4855 687
64 3423 355 3321 2708
1356 2092 3299 3099 4541
2826 4830 4161 4676 254
3463 4793 1749 1252 3624
3491 1286 1258 349 218
2025 1515 2233 4525 192
2640 1097 395 5014 4316
515 1596 3810 4583 3503
2040 191 1186 2451 4371
1583 3770 3371 2225 1534
514 3563 1709 4907 1570
3602 4908 484 1912 1438
206 54 4400 211 626
206 3102 2682 4538 129
3089 395 3089 2877 2238
15 1913 775 3183 4423
1677 2431 2906 677 4183
458 3873 22 2680 1241
3527 799 2523 2527 4129
1113 610 3055 3089 2358
3226 3321 215 425 3429
2163 1012 4464 4678 5007
4510 4364 2307 1503 2411
3675 2376 2412 3461 216
929 4374 3379 1098 4958
2628 4867 2931 3480 2336
176 2936 2036 2540 2504
4817 2117 2451 994 4209
3006 2516 89 3663 1438
900 1931 4439 1187 2096
447 1668 1813 3533 3533
3723 4428 1956 2938 3054
3832 3202 4667 950 3098
1634 4322 1756 1081 4229
2500 2455 4972 4442 1704
4298 2160 1480 3436 3526
1490 4758 2560 3979 2320
3721 3160 2307 2039 1448
2531 510 3846 1651 1093
3026 2858 3530 3533 2810
3321 3089 2068 3276 4158
2192 2375 1629 457 2040
2162 3854 1353 4755 1352
620 4291 1734 1221 2186
3408 215 1302 1796 3549
1053 395 511 3758 758
2742 1669 4912 3320 3659
4584 2223 2187 3854 2567
4500 3327 4285 697 3260
2519 1046 193 3494 3919
3874 4858 3637 468 1905
442 2098 4862 533 158
2948 4886 432 4429 2894
2999 4984 4739 1801 274
4772 197 2094 742 741
835 24 3025 3321 277
4245 4841 951 2139 3254
943 948 2775 3321 314
2681 1706 177 4235 1998
2069 3263 2399 325 1055
156 1767 143 142 134
144 139 141 136 138
145 133 4139 4155 4186
2138 3900 4187 212 2560
921 3078 3449 3378 2585
3834 1422 395 2395 3494
1442 3728 938 3164 3007
216 4815 3494 4604 2112
3542 2362 222 202 3883
1733 1372 3643 3835 3621
3031 3660 696 215 1222
4590 1644 42 726 215
4843 2632 4101 4821 815
2680 4060 344 2507 697
1722 261 2335 3585 4070
3579 1375 4055 1530 3321
3226 215 425 2163 3429
2748 3510 3189 216 3421
25 4162 4334 3092 4096
3435 4287 3652 4232 1730
1424 2040 3089 4054 1702
1700 3641 107 3559 3539
2652 3430 2335 2335 3769
2559 1138 1139 2559 4595
4859 2983 3995 885 4268
2334 1705 2229 766 2563
202 2451 1438 4979 4843
3434 4948 3637 3379 2637
1316 429 2636 2105 4397
1052 3639 3488 4348 1039
4343 1035 488 1038 386
1037 4367 1034 4946 727
3418 632 990 3778 712
1187 1166 3638 1392 3151
668 3570 1201 2577 2731
3439 3648 4632 618 2019
359 1825 18 140 4669
2110 3014 596 276 580
2109 2113 1653 5040 968
2151 5046 1823 1755 4964
552 547 544 546 553
548 545 550 4650 652
750 4199 3066 1382 3677
4901 1317 2396 1899 4902
1235 3085 3685 4138 1638
830 389 4891 880 3750
2849 933 463 629 1548
3477 4576 946 4750 4804
131 4347 4342 3965 3978
2795 4744 4208 2107 4811
1087 2361 2040 2353 2114
1679 2426 2208 3622 4481
3114 2059 4381 1443 3737
615 3697 1667 1814 290
3711 3081 4883 862 3613
1050 2040 3125 4315 383
3622 2744 4722 400 4454
3628 4467 1777 3058 202
202 1319 3826 4313 2086
3694 4205 3031 489 3620
1344 2788 2632 2320 3679
884 2744 4856 4911 922
920 924 923 925 2161
357 3142 1342 3260 3254
3215 3316 2527 358 3107
1281 487 485 4333 4078
4079 1863 1407 3848 3623
4114 1713 1879 368 310
2487 2515 3998 2038 2521
1824 442 3315 3210 942
2043 3493 70 826 4301
3396 2899 1852 673 809
4589 3533 2499 2674 1819
4182 1445 1580 1078 3520
3031 1543 624 3659 1761
661 2091 2081 1690 1249
3331 3556 4738 4805 4437
323 2172 1817 3363 4631
2157 3150 4722 177 3518
4168 4847 1251 3336 3517
1178 1989 3136 720 1489
3522 2749 3968 3967 4814
3264 899 3855 777 4363
2486 4308 3564 659 1056
2004 2740 202 1411 3840
3494 1773 3819 1453 1411
216 3032 1548 2788 489
3434 4797 424 2529 637
1472 5031 3712 4909 3180
2018 4366 3644 3054 2320
330 2928 3032 1235 1548
601 2632 2012 3952 605
848 161 3261 718 4127
4926 4797 4204 1317 1124
695 731 1548 4104 175
1576 4848 3308 903 528
2320 2307 2243 3288 3690
4931 2218 1946 1001 2428
2137 4935 2090 1440 2040
3321 1235 215 3320 338
2150 1073 2242 2739 3695
1992 2313 2510 2506 2536
4333 4325 3720 3689 1833
2152 1116 1834 4877 3365
4191 963 721 4843 3660
236 2648 2650 2647 442
2649 1582 3005 2923 826
4774 4633 549 2485 430
697 36 769 2358 4397
1371 4757 4741 3321 2067
395 322 2320 3562 4336
1127 3544 1803 2524 1707
879 1002 1697 219 1873
531 2135 530 1909 55
1485 216 1384 2314 2517
2538 4989 2435 1202 1975
1467 2397 174 4878 4786
3054 3292 3765 2391 1307
1726 3653 1708 1073 4435
1785 26 3321 4264 3676
1514 3494 4011 3653 1881
442 1493 2527 276 4812
3841 3534 491 3161 3032
826 3850 214 215 3369
2085 4014 874 1445 3089
3783 3683 4068 4910 5000
706 986 2272 3089 4865
1829 517 1090 1454 824
3089 2633 427 3434 3624
4712 1444 1374 3089 3372
3631 4074 2155 619 3887
1959 1350 1091 3736 278
2040 3023 3957 886 2815
2171 1351 1348 1349 1257
669 585 2373 516 2335
4333 215 2559 4333 3032
1888 2945 215 3434 4577
2214 629 5023 4580 3793
3951 4591 216 1812 1290
4404 3291 492 2093 984
1802 2320 3309 2042 710
105 159 2660 2100 3710
2215 828 3604 4298 751
3434 1595 2788 916 4522
2522 4515 2830 827 3481
1828 4713 1657 1561 3464
185 1525 4153 4519 3089
219 4333 3320 4520 1548
2041 2335 3494 493 1376
281 4383 4404 4518 4846
4819 2170 3001 392 51
1167 4392 312 2171 4333
207 3321 898 491 2042
1799 2451 4333 4817 1947
1135 4549 4197 3358 4196
3813 164 1801 723 3501
2684 1198 909 1403 826
819 412 1481 971 1670
888 4266 1487 157 2922
3168 639 3703 3342 2912
3498 2716 5025 2269 2040
1336 2841 4098 2727 216
3121 2338 2369 244 2870
3494 4333 555 215 3475
2258 4013 3665 2726 125
3089 3008 3660 1254 3884
119 2644 4397 2257 3334
1377 4333 4531 4545 4497
3252 1164 442 4328 3106
3832 726 4152 3068 660
976 2170 3645 4273 2654
346 640 635 393 1548
3807 883 3274 2154 4479
654 874 4195 1801 1598
1094 216 4846 4455 3722
1040 927 2475 2335 2076
860 746 3089 3323 2744
3494 215 2313 3691 4414
3822 3296 696 1205 4042
3698 2663 690 3089 3783
4068 2827 1073 3659 3494
3320 215 1995 4658 4220
3699 5000 1806 4910 353
3389 2653 2042 3709 2989
1226 305 1590 3789 1378
1831 987 468 1776 4939
3681 307 1267 2311 118
4934 2106 2691 2692 2690
4410 1973 216 2040 3624
3985 68 330 3321 4817
3649 3422 696 2773 3494
3090 1840 3462 2148 4157
5036 4872 3295 586 438
2928 3622 2357 3190 456
1032 496 1568 2179 4635
1386 1265 3054 423 1548
2328 2446 4636 3030 4498
4147 604 4646 2913 3969
3513 4389 2335 4581 1476
1616 4210 2734 667 5035
19 1091 83 2862 2865
2863 2868 2273 2867 870
867 873 104 1818 807
4787 2927 4756 3589 2430
2220 4432 5038 103 1013
3390 265 2108 1311 2501
4599 3388 1896 4163 1120
4892 2712 2866 5017 5018
5019 5015 2697 5020 5021
4533 3553 4745 4261 4408
4853 1627 2235 2910 3159
4376 4327 4711 2182 1160
1159 1158 2895 1994 5032
713 2489 4417 4763 281
4225 4221 3688 2934 1346
644 4617 1407 296 2543
2547 2544 2542 2545 2546
2541 1771 1769 2549 2548
3265 3386 3383 3381 3387
3384 3382 3385 319 4353
4354 4329 4331 3973 4332
242 2575 2573 2195 3302
3303 3182 3419 3420 4293
1137 2278 3634 2576 4220
2574 1318 2571 1837 4064
4945 241 2178 3221 4304
4897 3321 3032 3660 3838
836 1 79 72 4
3879 3886 3901 3878 3877
3906 2825 4916 327 631
672 681 689 1266 3054
1365 1505 2078 2226 2250
2303 2330 2947 3157 3568
3597 3642 4653 3896 3899
1754 3757 2965 2966 1963
2116 7 84 73 2291
1412 1608 2189 454 1550
1580 3095 1867 4012 1628
3032 2480 2981 3808 4775
3898 1741 371 4694 4117
4009 1396 4885 4083 4180
587 4789 230 3512 3021
1764 29 3298 66 1367
475 1952 2146 2696 3373
3704 4130 4933 2441 719
1772 1926 1839 3204 806
148 150 3032 149 151
3284 4289 3788 2846 2318
4071 1059 2344 2347 2346
2342 2345 2348 2349 2343
2350 3 1797 1637 2167
238 1435 3082 954 2320
663 2 3622 2358 3410
4175 1347 685 5 1313
2798 4637 1014 3905 3868
3897 3890 3881 82 294
2493 2040 2197 4399 4505
3054 289 102 237 205
406 468 683 603 998
3644 3646 1063 1064 3885
3889 3880 3891 3894 165
169 171 167 168 170
4916 172 166 788 3101
2514 287 4156 3338 2568
285 1123 2816 3223 1746
1592 1146 3063 1132 4012
3424 1624 4278 2184 3361
279 3583 3821 1028 988
288 571 1609 4431 1482
2331 4136 1950 1948 2014
4827 4227 3059 3494 2560
4513 4512 3321 4662 2449
4943 216 494 473 1145
4188 1575 2063 2227 2414
3070 416 415 3776 2627
953 223 2359 2481 1086
3074 3072 3073 4099 3809
2420 1622 1033 774 4534
4998 1765 3888 4834 127
4036 1400 1260 231 297
846 1041 1066 1070 2011
2159 2294 2443 1941 2879
2885 2903 2916 2917 3122
2918 3243 3915 4061 3678
3796 4469 4981 268 2388
1031 1228 1729 1810 2165
2216 2304 2421 2473 2818
3786 4585 4598 5012 1245
2361 162 2212 4087 3171
3636 4656 1018 3272 2551
4372 2743 394 4206 10
1601 1617 842 4693 3083
367 4230 3321 337 1163
1758 154 1900 1904 1901
1902 1903 4150 1062 2588
2587 3782 1863 2601 2982
99 1310 4486 2803 391
2156 280 4234 4233 4465
1171 1114 4771 757 583
3494 4091 4681 4333 1552
4386 262 1000 527 3974
3975 4065 188 3433 897
4971 613 4734 3431 913
1397 303 1401 3428 1243
3321 1027 3590 1880 3692
418 2262 1498 1387 4164
743 1004 1328 1329 2365
3239 3437 4880 811 1393
1871 4881 4740 1457 1207
3684 4244 4765 2963 1849
1456 3910 292 2779 1640
4133 1921 2609 2607 2606
2608 2484 1585 2050 1413
1850 1847 1848 4113 1162
3089 398 3321 4338 4866
4730 2694 4593 1333 2695
1974 2088 600 4275 467
2556 2685 1141 1326 1484
1506 893 2144 1073 3084
2975 578 4307 2684 4516
864 863 4783 869 4781
387 911 865 866 2831
2843 2832 3304 2833 2840
2835 2837 2842 3680 1924
301 245 1836 4288 2465
3982 795 2127 3450 4420
4562 1843 439 3996 16
4799 3779 43 3764 2476
113 413 4528 1967 1970
1964 2129 4311 1927 2173
2442 3558 246 1338 705
4231 2655 981 4092 2998
1522 2082 3434 4112 1116
4489 4166 2337 1708 691
2264 651 2097 3524 1731
1615 4330 675 273 4048
1030 1330 4128 3321 3236
1548 2040 1750 3053 4369
2460 643 1126 3867 3359
2040 956 1920 1118 1596
4356 2709 602 3086 2052
737 2206 4961 4959 1273
1272 3330 4075 2872 2064
360 649 4148 4726 3300
3733 3565 1230 3468 3469
3297 315 3228 3229 3230
4536 4362 4394 2335 2290
704 1774 2261 5029 2741
3734 2905 1544 1711 3626
3269 3267 3268 4960 1080
1188 4228 2806 4255 224
3314 3325 1368 1724 4317
3777 1340 2203 3673 2845
243 3129 1165 110 202
3181 4530 3019 2794 4665
2022 2619 3640 4970 3749
1860 3356 240 2166 3573
728 384 1942 977 3127
3529 2065 1684 421 2164
4251 361 257 266 2971
1099 255 3730 2363 2926
3104 2751 4000 3920 3244
1688 1691 1685 1686 3816
1209 1689 1687 1692 3944
3927 3935 3924 3925 3937
3483 3936 3922 3950 3931
3943 3945 3948 3928 3923
3942 3785 3938 3941 3939
3949 3921 3940 3929 3926
3946 3930 3933 3934 3947
4323 2259 2023 992 4207
160 2194 1649 399 3364
4088 854 450 856 857
853 850 851 852 4033
4016 4015 4034 4032 2811
4403 309 3047 1954 2217
763 390 985 3625 1678
2595 4499 606 3717 282
4460 2502 2503 1043 3448
3446 2861 1005 682 1079
2732 2025 4017 2444 4608
4610 2467 1244 2642 1315
3339 2140 182 814 1509
2017 2021 2053 2143 2921
3455 3633 3735 4086 4260
3400 1061 120 122 121
123 124 4482 1885 345
4655 808 837 838 4572
4571 4573 4570 595 2900
2579 2847 630 1394 2095
2494 3179 2848 4433 4443
4468 4488 4768 4942 4956
1463 1085 1195 4222 832
1846 1229 3118 4466 3234
3727 4859 3872 558 3329
3432 295 2469 3148 3281
3282 1301 3240 3766 4900
3961 4434 4487 1303 725
3836 4393 3955 849 2032
2852 2232 825 2824 3034
3293 2279 2385 2176 2175
2177 4833 3619 3545 2730
2871 2079 1809 1594 4416
3231 1383 4686 4687 4688
4689 3803 4957 126 4312
4310 216 1737 4401 4503
3827 2729 2882 3032 4413
3379 4849 1008 1007 1006
556 420 1949 4422 2125
3060 3004 787 3828 1262
2580 3348 443 4747 2784
1461 2821 2722 3547 4126
4974 1882 1538 1791 2497
3716 1381 709 1571 3426
908 2275 5041 2994 4966
1872 2699 4380 3454 2787
38 4361 3398 3397 3399
1884 4769 861 520 3646
4471 281 3031 982 1665
3349 3839 4176 4177 3175
4174 2230 3089 1044 1643
2030 559 4679 2401 3582
1193 1071 2286 4818 1551
381 2735 1732 3009 4475
969 3744 3743 3742 4788
1298 4723 4760 3866 3794
2745 1546 2950 1635 291
816 1264 813 1199 4906
789 3748 2623 2875 2626
2624 2625 3355 223 2683
431 2686 1155 1157 1154
1153 1150 1156 576 4018
4019 1077 4044 1820 871
3595 1210 3593 3592 3596
2231 2760 4303 239 4542
4135 3668 4508 3470 2851
3238 1738 2761 482 3745
4262 4896 1938 2602 4548
2929 3857 4314 4993 4997
4994 4995 4996 3630 3487
4517 4670 1965 1788 1969
4085 1641 1944 4485 3484
363 1527 3516 3851 1632
2102 5001 1343 115 3586
4578 1673 4089 474 2394
4402 3051 4526 2015 3781
1600 1763 2236 3960 2193
2973 4671 1464 542 1152
889 1151 3353 3607 3844
4836 855 701 3616 876
4672 4326 686 3614 3617
3615 3618 760 3370 332
2698 3664 2439 1293 4053
3089 1224 1225 3856 2599
4651 2671 3447 2962 2953
2000 2961 2952 2956 2958
2951 2525 4120 4782 4076
2429 4020 3500 1058 4172
3362 196 786 958 4049
4059 2670 2809 4039 4040
3594 1511 1875 4913 818
3474 1364 2791 2673 2104
331 3351 4319 74 1817
935 2371 1887 4357 3708
4072 2613 2817 3227 4829
3657 4895 45 23 1966
404 405 403 402 2131
3702 4727 2287 3064 3876
3584 1246 3577 3576 4969
341 4955 3357 4661 2641
3845 3057 259 1656 2834
5002 914 642 4767 3241
4992 1276 4838 2662 3411
3414 2908 2907 3976 1540
4057 4660 374 3674 1564
4216 4213 4021 206 4145
4082 3115 3502 4143 3770
4696 2445 645 183 4863
2701 2715 4647 2276 1227
2586 2622 5013 3250 1519
3042 3075 2329 2228 4198
5044 2932 385 3056 2205
4022 4023 2518 1555 1095
4615 3046 1680 2246 1305
3045 4749 3581 1683 1106
1104 1107 1102 1100 1105
1108 1103 1109 2759 5026
2482 497 370 4084 2572
2782 4890 2051 3790 3039
794 4140 2838 2008 2564
3738 3741 3914 3739 3740
557 3184 1893 271 4776
4426 2048 2245 1604 2631
579 1990 1360 1361 2323
2198 1359 5016 100 101
410 3842 792 3843 2066
4850 2688 3222 1957 3892
3893 2254 2237 4725 1203
1278 4430 2196 3729 2693
4299 1563 1562 3875 4601
739 1671 2665 2667 2666
3049 2621 4058 472 4668
611 2126 4717 2319 1117
4718 3504 4716 4715 1614
4539 1370 4102 754 755
752 717 2207 1762 4743
892 2656 2657 1409 1663
1433 1434 1437 1432 1430
1429 1458 1672 999 3847
1507 3849 2410 2419 4831
1618 1869 4864 4759 641
53 518 3438 4976 1619
1559 1560 1953 936 3511
1003 2711 1499 1263 260
940 947 944 945 949
233 2808 3347 4494 1362
1784 5009 2213 1180 759
4495 4523 3117 2592 2074
711 4496 2747 65 4728
2288 4090 2672 408 2188
4169 4170 800 3459 565
2799 567 872 3798 3799
3800 3801 3802 76 4107
2498 40 350 471 351
2853 2860 2772 2553 1842
1844 2993 1200 1516 4649
452 817 198 2946 1395
4550 4551 4552 4556 4553
4555 4554 2786 1288 247
3578 1971 2297 1645 4690
1876 1877 1878 3732 311
2016 1654 1019 1366 3266
4284 2914 2892 1414 1415
1417 1416 347 270 44
2142 2141 2255 4041 4766
647 1739 3988 4240 4239
4237 4236 4238 4242 4241
498 4382 3762 2191 460
4619 3763 3242 648 3861
3858 4587 328 3350 4024
2987 2813 372 375 376
3817 3140 1177 3128 4046
4178 589 2145 4116 1768
1369 524 2204 584 2398
4254 449 223 3311 3367
560 4448 4449 4451 4453
4452 4450 4752 4613 3567
2253 2006 3394 2007 1682
2326 3811 2512 2005 3187
2639 2370 1136 1574 3916
3913 3911 4252 3912 1057
1633 1717 4753 4294 4823
4295 3340 3278 1919 1587
910 4784 4201 3207 2997
478 4359 352 3550 275
1886 2893 4037 591 1789
1327 665 1955 2874 3958
2864 1664 4405 3696 4025
820 339 400 878 575
692 4118 2935 3442 833
3574 734 740 4501 1841
4941 3105 2028 2029 2174
4476 2324 4407 4473 11
2771 3441 4905 2676 3543
3486 3401 2659 3393 868
4643 3044 1390 1512 3629
1194 2565 4081 3787 4026
2413 4027 3279 2955 593
1285 2027 1589 435 4889
173 252 3671 997 1242
4697 2459 609 2869 3061
3062 3065 671 4028 662
1874 56 3479 2302 3775
1856 655 622 4474 2949
3667 1775 4461 1418 4144
562 3280 541 4378 91
93 779 780 778 92
2909 94 4894 4309 4029
3774 4507 4564 37 1176
2844 4582 2202 657 509
41 4614 490 2305 2251
4868 1421 1838 3198 979
1010 3751 354 974 978
975 980 1572 1206 1862
4030 3587 3756 3344 4502
2221 1960 4611 77 1308
4567 4568 4445 2224 4472
348 4597 4596 3746 2495
2239 4916 4253 2402 2738
2785 1911 563 2884 2423
2768 2422 1300 3413 63
60 59 61 57 58
62 34 3895 4031 961
957 960 962 959 4398
829 3012 1805 2598 930
3612 2645 2804 3825 417
1602 4839 4038 4226 1787
2839 2710 890 4748 1573
2802 3466 4173 4680 4427
286 1716 1324 2181 1728
1719 1725 3294 407 2201
2812 2209 4094 722 1925
4893 4131 4132 650 272
3199 3343 2378 4612 1676
3235 4574 4527 1420 2976
4045 2260 2777 2897 2211
2604 4340 388 4341 4339
2767 765 4483 4840 33
791 1431 1436 4097 2535
3440 414 48 2340 2341
2339 3002 4035 1968 1742
3753 2124 2381 4828 187
2247 3116 3233 1148 3050
2256 4991 2354 1130 1196
1597 2664 1073 3869 3163
1721 3089 4167 1675 4438
4736 2298 203 440 4623
1172 1304 2669 2496 1398
1122 3321 373 1646 1920
4395 1234 1330 3321 2040
4128 3236 1239 1636 1586
2335 1245 28 2374 616
4754 4790 4790 1565 1566
1567 2520 1736 4504 111
4165 112 114 96 4843
4624 2168 4355 3959 109
226
